Read ID,Poly(A) end,Adapter end,Leader end,Start end
034b9f21-8db5-4232-b6ac-23bc3e5fb62a,7901,4394,3,2
090bb3d1-28bd-4eda-802f-5bd1f34a2034,10246,5716,352,297
022ee90f-d5a9-4d4a-a3dd-2b019e150adc,9699,5853,556,435
06ba63bf-9d0b-47bc-a8f8-efa140fc704d,11449,6381,916,474
0698d4a4-a58d-4070-9da4-6c09ecce1923,14366,4832,489,371
00439bfe-57cb-434b-855c-731ee3698745,12800,8227,550,193
00945735-ff1a-473e-999a-3621ef95b199,5346,4566,413,294
05e433ea-6b8b-4242-9bd7-848c6a34076f,7189,5959,743,427
0a0399b4-6a40-40ca-a16b-b36ac87e1163,8075,5165,493,302
004e09b3-0fe8-4748-a205-dc8c7f0ead3b,14961,8735,340,146
065169ce-b91d-4af5-9c09-44e1dc5deb88,14929,14891,2,1
0b3e7535-1d46-4d3e-bdbf-7ded716757ab,13473,4743,193,192
06fa022f-fa16-4794-bbad-f1236c3764a7,18602,6576,637,412
0da3aa7d-84a4-4c03-b330-ea15b4a2c6c9,6995,4663,372,229
0bb0aef0-8e9f-4319-b583-c3614fc8084f,11999,5135,274,168
0d4ad2ad-14eb-4699-afae-3c9ab1596f46,11406,8130,2,1
0e11925e-8248-4c59-ba8f-19b3e1373e04,11092,5115,414,301
0a33d2b3-5534-4788-a530-1bfc212848fe,14363,6620,899,399
0f175082-b53a-432b-b60b-7d48b974d22f,7937,4285,600,417
0cc2c77c-5cbf-4f57-8352-7908d24b8e68,9980,6381,877,416
0fb3837e-a3b1-41ee-8041-4ecde394e4a5,9303,6986,506,231
115f065c-0678-47bf-82a8-3a030a6b8f59,10415,6665,1052,943
11080869-7688-4681-aed9-b312033c070c,10296,5409,560,444
0e54e6c2-4f8b-4743-9c96-773022488537,5318,5307,2,1
10a4a907-8d6a-43b5-adf3-96407ed81626,9278,6419,905,904
12921b45-7d06-4739-b1f0-0702fce4e0f8,8616,4196,208,153
0f16cb95-c244-4ed5-9ac2-b499c39ef7af,14049,5336,307,233
1466ee70-a841-4e99-a19e-a70946cf608c,10117,3635,10,9
1620ef4b-b807-4a36-98ec-9ab42b9db7c0,9933,5814,710,439
140dde90-c077-47b7-979a-00bb3692da91,11424,5045,335,190
11bc899c-9507-4687-a58e-11ca16c25d1a,16456,6847,632,519
1676f610-d194-46a6-91c5-01f3b644de26,7543,4934,423,354
0184b556-491b-4174-9f34-c9f7d2c6db79,
1765d546-bb98-4664-ae03-ab69286f9dcc,9019,5513,533,412
12b58a8f-f1da-45fe-a8d1-a3e6cd2c68a0,8368,6056,746,576
165b7695-6c14-4c6f-83e9-6ff8a47ea794,11680,6272,476,338
1b56eef0-cf89-48df-a15a-1eb229be204a,6571,4251,2,1
17f968ab-70d6-424a-bdfe-e323969cf14d,5276,5274,566,317
1aff2b86-aaf3-422e-b220-b7f982202ac5,10813,7364,2,1
0ba62e74-49ea-4e7c-a5a1-cf375cff2f26,
17df4cc6-dc25-400d-bcb5-0fbc536a4046,19094,14695,290,289
0af264b4-1400-43bd-9860-abecd01a0627,
178122ae-3ec7-42dd-8b05-fd8ef1cfdfa7,10626,8115,455,454
1a68e86a-79ef-4a45-8b8d-bca0c3b7d968,18458,16905,8513,4771
1dba5944-7161-40c3-979c-e29f433fadf5,8073,5411,433,237
15c88b8e-10e7-490b-aca2-770e1a54c865,
1dbeca38-c02a-4c82-9904-dd44d522e94a,6362,4195,477,407
1c9e512c-7142-43da-85c0-ea681428e8c4,24720,20135,3,2
20e430e2-f012-4548-bf1e-d5d7bb9acd35,8409,4948,391,182
1f4f270c-6cac-4a1c-85e1-e9121016ddf7,11900,7986,832,484
177cb583-4c71-4ccc-861f-41bf8f3dcea4,
21e9c7c7-5342-467f-b15f-25bf4acdb7cc,7595,4604,395,208
20f15eaf-a06f-4e7d-86b4-3e3bfedc8bcb,14406,7823,884,613
2201c490-6149-43ed-99ec-b1ee6f4cc1e6,9482,5860,500,251
2107781a-a231-42dd-90aa-be4f90cc03be,5358,3815,217,164
207df44f-8621-4bdb-b956-b3315a83f8d6,13275,10567,694,548
1eb7c0f3-d776-412c-96ee-2968679d6139,
23e12b0a-91f8-4275-9b62-975e9f434c3d,10435,5645,316,172
265d6311-81bc-488f-a32a-e3def089d2b1,8141,5471,536,409
265e1442-9997-4a6c-acd1-b13215081ec5,5546,5044,14,13
1ba1628f-e5e9-4ec1-9918-d40ea35f3d14,
2448d71b-5e1d-4a5d-bb83-688d78163c97,7258,4846,366,255
2265a99e-7e4a-4994-9c44-23f6e696201f,10956,7913,485,283
289892e6-cc42-4530-9f0f-16b7a52f93f4,9851,5514,469,358
200d9629-2244-4cbc-bc07-cc72fe984bad,
29dc6200-160c-4434-9d44-23512b49c719,7784,5593,120,119
28abae09-e116-4101-afeb-8b8c620101ff,6742,4828,490,378
26bd9e2c-2de9-4afd-9bb6-0e9eaf08e85c,18597,8186,758,587
1de730fe-a760-4674-85be-48157d975520,
29ed825b-2b08-43e4-a016-2ccfd9da6591,9217,6538,716,414
284c7093-dc60-47c5-a4e9-137c52e76587,8118,6685,240,139
236124ec-8b84-4861-8fce-411b4e4efafb,
2a534f01-7a96-4d78-a8d7-49b656501d5b,6977,5766,941,380
29712885-9232-4fc9-94fe-5f0604936310,8386,6293,472,471
26734712-e299-4ece-aad6-7ef87a03620f,9436,7422,1106,751
1f652057-fdb9-46eb-a02d-d2730e873e81,
2d7665a6-0fd4-46f0-9ffc-d989ebba03bb,7905,3366,348,206
30d25102-dabb-4823-badd-756fd82e5e50,8174,6004,790,365
2db060a1-c85b-46b1-9d03-c53c786d4ea6,7340,3672,334,215
2a41c950-6ead-4569-a8d0-1fb7ad5e6c46,17741,14673,2,1
3101eeb5-5425-454f-9f69-7099f677ef11,9847,5277,140,139
2b2ce54b-d3d8-419e-a310-31b695ec23bf,12389,9789,697,381
331a653d-c0ae-4677-9938-ca5326de9018,7226,4291,361,360
2ba70bf8-b08b-49d7-98ad-dd00b38777c6,5012,2632,394,313
31e9bb63-c3a7-4088-9e76-7caaefb5b185,14850,7217,859,696
36051e19-1840-4026-b93a-01c07390ad2b,6104,4124,625,475
363df2a7-dbb6-47a3-8768-3f6e300b703c,7515,5954,861,322
359ed291-f8b1-42c4-b89a-b2579a8b9e00,10803,7964,948,551
30d8148b-ea97-4185-8bfa-ccaa9733a9d9,17498,13815,3,1
30c76e3e-5e5b-47b6-b29a-b95047edb70d,10674,7799,479,478
2668ffd1-dec4-4b93-b60f-bfbb086f818a,
3329fc0e-29ab-4eb8-bd79-931131b4646e,7360,7249,2,1
327c8687-27db-4552-83a9-8167509c5377,15698,7793,717,504
3739c17e-cc7d-4218-bf79-5d9e39408e72,6870,5694,2,1
370b340c-7829-441f-852d-7f6b6226baa8,11850,8975,2,1
366c1ba7-ef4d-42b7-a55d-26872aee6b1c,10900,7266,437,436
377caa82-ec02-4b49-9c16-62df61142498,9819,5466,207,115
38806515-17de-4e84-87d4-2cccae43cdaa,8334,5591,130,129
376362af-ce99-4f40-a219-01f3f0d8b87b,10877,5220,376,325
382f4e3f-ddb7-4e62-be06-46b95148dfcc,9,8,7,6
3a353be3-f8db-4420-b6ec-e284729501e6,8127,5999,969,630
39679e99-834c-4c8c-9cbe-982c1849eb4f,10878,5644,320,255
35b4f528-daa3-4685-a62a-bb57b75157dd,
390d5c4b-ac77-4253-8761-1f993cc591fa,17800,9022,1000,999
3919b7ea-b575-45ae-92c9-0df564ba4cc1,6214,4452,520,374
3a9fcbf8-0158-4e67-a4b7-c31f610f23ec,7641,4751,2,1
3b7e7b5d-6637-4583-8455-9377a99b4c9b,7707,3995,214,213
3af4f665-6cbb-466d-b85d-337e88b212df,6797,3252,3,1
36a7d072-1984-4498-b1b1-1058fc4106f2,
3d311394-ab03-4281-85ae-82cf3d34548e,7384,6146,630,481
2e1b5632-82ce-49a6-8920-763f077c3ab0,
3a744553-6092-4893-bc97-a321fb486729,11707,9130,2,1
3eb9c607-b5d1-4669-8a10-26d9c6ffa5e1,9680,5792,405,311
36dc6c1b-16a2-42e2-a3e2-a19c4da1190e,
40f1819d-fa55-4e0a-b5e1-b22d965678ae,6156,5405,447,264
3e9efbf8-a4f6-49e7-ab0b-5ff318a13b33,13389,8033,150,149
41151242-4910-4b81-b091-37c23736657e,10235,6007,2,1
41f40d0e-78fb-41a7-8ba7-85129092f60a,8504,5610,663,359
4181b136-4140-4533-8a38-968c12982957,7565,6687,878,346
42da78d3-b698-44c6-a130-a0cadb094498,6763,4701,2,1
434ddf3e-bf18-4f08-ae48-81a1ce2cc95e,3483,3436,702,416
3e8ec6d1-2258-4065-a26a-3ee7e9189347,12016,10394,1088,534
37589411-9159-4000-8747-66bd1c62ee9b,
3dc89040-114f-474a-9b34-f199a0738830,11583,4865,438,259
45b58f24-04e2-43d2-93e2-be975bfdc984,8029,5739,550,160
4781e3ae-48f7-45b8-9e85-fec28c79b8fe,899,3,2,1
431d7d7b-cd79-4312-8453-206d0beb02aa,17278,13416,507,162
4380962a-08e4-455d-8cd7-f1f9118e4270,17636,7267,341,340
46482a0d-412c-4e99-b663-dd6ee7bc51c0,10284,8409,2,1
3fd84842-3de3-48ce-89a8-7907d37ac094,
480df89e-92fa-4d89-8711-fe0bc1791dd0,8809,6126,405,260
459d30f3-a72f-40f2-8c50-5f2d35cf68cf,14571,9811,1010,776
484ac645-1984-4709-ae37-13ea1df743b8,8436,7938,533,353
3ca62433-dcb2-4cd1-92d2-3267a3115518,
4997b9d6-9f67-484a-bc72-6998134c917e,12577,4526,284,172
417175ab-1692-4e1e-a6bd-465cf50106b8,
4acbb2f6-5c0e-4519-8e93-08ccd63b030f,7605,6409,2,1
499e362c-d61b-4b7e-bd40-d00af2d748ea,10421,5080,189,188
48f2c86d-61a5-4878-a995-ccb003ceb27e,10617,4536,246,245
4b7ed2d8-6c2d-44a5-ad34-166d1a04a0b1,7368,5228,606,366
4b071ef4-3ad1-4f91-b1c4-2be182f6be7a,11387,5752,2,1
4b7a4401-5c44-4736-8ec2-fbe3fa451e01,8012,4972,644,422
4b7f70f7-bd3c-4e69-b340-d931983d8764,7713,4778,393,274
48f1e183-2eaa-4eae-845e-52c57ad627b8,11257,9225,464,245
4bb3a383-2dc8-4506-99f3-4dde887957fc,10935,6070,950,532
51211445-53d4-4a46-b495-adcbee24c78e,6988,4389,398,168
4e0c0843-eb48-4630-868b-268a9cd022e7,10400,4041,674,462
4404b33c-2d43-43a8-8914-bb9aede56d5a,
514d823c-2727-4fc7-8b24-7def8372f297,8332,3787,266,159
505791e7-5890-40ee-a358-928993554745,10674,5639,832,432
4e8626d6-8bdd-45d2-9f06-b5e21cd3b8d4,5427,4161,209,76
4df6c234-0499-4ca5-b60b-59371cf5b3e2,9539,6887,383,263
4eeebf2d-9557-4136-ab34-a9cf791fde11,10949,7612,793,316
53904668-1039-474a-a6b2-ec3e4c5ad119,6907,5150,571,405
511cb413-825b-47a9-bf1c-e4cc906a2c5c,14322,6455,772,664
52d8b26c-7289-4db5-bcf3-64f0d6d8ed1a,10207,6093,733,477
51c1e2b9-45b2-4391-bc91-5f95a8416a55,9624,8131,611,397
5317d6c7-8d8d-4c92-89a5-b076d4d6679e,14187,4505,664,451
5515fb9d-668f-4e43-8f05-7aac4cac23eb,10035,3923,668,608
5668eae7-9718-49ad-9367-336cff458a87,12275,6101,381,221
51b8d01a-4cb3-49c2-b6d4-442b73135032,15086,13086,2,1
56cc6d52-c42f-4706-b3d6-0a51fd3c650b,10280,5867,631,448
5811c0b7-f2ca-4d5c-98db-bdd51a7010d1,4574,3053,199,198
583865ab-afd8-4a21-bd2e-d2b06d0f651d,7823,5146,718,541
59211df5-e59d-4a23-b4d8-f2e332b8f6f0,7702,5055,510,365
578000d9-26b7-4615-bb80-a199801c13c1,9938,5182,199,198
5488f268-a266-4c70-9ada-a1cda9123260,10525,6305,672,324
56cfaabc-2b62-43c4-98c9-178040eb9e48,18703,15858,2673,465
56793a66-4b14-4f2d-9c54-4ab3b540ab31,14027,14026,1675,609
5a46e4d5-87c0-4c42-bfd6-43a3614a15a1,6664,6088,2,1
5b26cc5c-a377-43b7-9aa4-18c6e51643f7,8277,5565,2,1
573d933f-2ec0-4741-8599-4134055aac7a,15855,15837,727,1
5bdaf35c-82de-4810-965b-697a63607754,7657,5798,573,451
53f4d019-342e-4f64-85f2-162f925d47ff,
5c9fa862-e853-4f06-a713-9e515620ec4e,7874,5276,448,263
5dd788fc-eb46-4003-8b86-c70e8f9fb81a,7769,4892,463,332
59c14d46-3e28-4bbc-a5ac-5df25458acd1,7253,5861,219,173
52ce81c6-c2da-42a9-a7af-f75adb8260d3,
5c32fcf1-d7ae-4f4d-ae75-dc185d3ebd55,9151,6139,615,355
5fed493b-d099-4801-a049-1d804f02ab19,14825,3378,38,37
604bc797-169d-406b-b6c3-4a56c1beddf6,7102,6069,1343,379
5c703888-6e8e-460b-a6a6-7645e7a43f51,7039,4661,391,247
5ee72a75-5599-457f-a17d-96330184db85,15378,7740,308,307
60bfc3bc-b3e2-4ebf-b1b9-9d97f1077e4c,10719,6057,436,311
62486e2c-58df-4bab-ab0b-b89228b86379,10269,4248,788,236
65380589-6a06-4c41-9261-7e08d076a403,6888,4883,800,388
60b924cb-1ed4-4c16-8463-51bc55d7e93f,14708,8422,1069,515
657bda64-8364-465b-9e66-ea5c988cba23,7572,5390,776,425
663f2d5f-b2bb-4e07-9988-e17cb79f0f9c,7441,5022,291,161
6586c605-cb85-4bc7-a441-d5d4d31568c2,7631,5260,191,81
5a7571f4-515f-4f69-b975-24db90c2ae68,
60fe999b-ef14-432b-b5dc-f9241b2da792,11411,5705,573,307
68ab2dcc-3c84-46e3-8419-48e82a8aecdf,7780,3941,237,236
672bb1a1-0674-44ec-af16-6c1420d9463c,8162,5135,686,455
637591a5-4b2a-490a-abf8-16fe190bca1c,18392,13669,2,1
624c13ec-8b8f-4c1d-abe6-4c804864d873,11297,7614,1018,277
6c29e790-1d35-49d1-9558-ba39b757653c,7543,3183,182,134
6a3d7f66-ca84-43eb-97dc-274b046d8f84,10514,7703,664,314
6da0369e-5e66-4e0c-8140-0918267f26fa,7787,5223,2,1
6b9c1228-e8de-4b64-afa6-599f38bd4a17,11023,5195,441,440
6d26f277-0631-4605-9ef2-feb8778f8933,7765,5558,349,111
6c10b711-3135-4325-8132-65eab4db58e2,6591,4610,396,258
6b5ab367-0162-4454-aea7-9b08b03431da,10251,6130,386,385
70694413-9f89-447c-b0af-3b00cfacd973,7086,4698,561,506
6db54344-87c5-4531-be20-973c1e09e83f,11353,5700,457,383
6adbbc6c-bf11-4460-b3a6-114222d6e7ad,12898,7911,2,1
71bcbc48-6f11-46b2-a86d-4d2b3f9f819f,8781,4704,465,348
67297bf6-fc9b-47c5-a35c-d6a5184ada36,
71e91b6b-1edc-4f0d-a0ca-218283da1d5a,10202,5855,174,173
7289c954-5111-4657-8896-7a11a8263007,571,513,2,1
7199375a-42ca-4ce9-a9b4-7456f67b16a5,5128,3821,295,245
73018603-7031-46ab-9ef2-1b078f03078e,9716,6079,441,440
73098a27-1ae4-4755-95c2-dab944c73bed,4313,3575,324,323
733948de-f414-4184-b82c-f7ac22aeb19a,11436,5670,677,319
7443dcbb-5da4-4056-bb02-11af4412704b,10520,5977,599,488
73335bac-0b34-4610-8289-0f616aa2afef,14518,8079,1075,740
72a9f54d-3380-437d-bc0c-c36479b56af2,13444,9391,2,1
7495794c-340a-42b6-a801-9a34675f4684,6770,6197,475,314
74f074bf-2198-4bdf-80f6-8ef6de610596,7780,5177,668,292
7037f220-38ef-430d-b3ce-4ab0d2733697,
7181e8b3-58fc-4c78-802b-be302ea96bb2,
699f76bc-78ea-41ea-9797-4b1a1feab372,
7471b600-d923-4265-afa8-b73647556bb7,9686,7762,438,360
7377972c-88f5-4616-af28-a78c9133e8cd,11502,7933,345,344
77059009-050b-4f4f-9c2f-42e787f4e74e,7230,4764,266,107
76d51774-5a6a-4fb3-aa06-ed13dae5e81d,9270,6621,1067,325
770530c8-6d11-40aa-9dda-297f9bd2b435,8478,5322,1200,536
7584b81f-c75e-47ba-84fc-3eee6ec4a06c,14382,6802,606,524
759f564d-9a42-4cd3-aeef-8f8d45610baa,8310,6852,364,308
7135fb4b-277b-4d2c-933b-ede4b9c22255,
771321a9-d3c3-4e7b-92ca-0b1fe8d3500a,8499,5257,310,115
7b06704b-fd4c-4752-929a-f218e68b1234,6739,4515,383,164
7558ec7b-0927-4104-a7d0-d59ba5706350,13454,9108,906,636
69dc74ff-9443-405b-88e7-ed923da3e286,
789bc8b3-b65e-4dba-8df8-14544bd9ce46,10687,4944,541,372
7a6b2596-6aa6-4f1c-8b34-8856fa3a075d,13922,8613,612,406
7af4c71a-2734-4c39-b59f-cf51f5815dc8,7536,5280,440,228
78c0f44e-8ca0-4e9d-84f6-de6277d0bd02,21215,15143,1723,855
764708cb-8277-4d5e-ab06-5ae4a073b1b7,15706,11727,2,1
7c6908d9-86b3-4787-a56f-edc97761c2b9,9865,5652,493,349
7f6e83b6-d9a2-4f4a-9e5e-cab71f7a203c,8229,5313,540,430
7c446ea1-1889-4928-a423-831c5499b198,14276,9205,531,184
816a9991-1ae7-4556-bbaa-e35b3370a26e,7388,5953,145,144
7e6977a1-4074-4baa-8760-a77c2773b519,16480,13201,1720,1237
8325f4c2-1a0a-4117-900a-874445f707e6,7055,4903,3,2
7bf56856-69a8-4c12-b6c7-3dd7a3845ca8,8104,5976,758,614
7c526a08-fc0f-4750-b419-4d8ee0593fb6,7985,6194,396,281
830516d1-2206-43ed-8576-68455fde0c4c,11624,6438,592,490
80e00c05-7d4a-4a3e-a6cc-cfb302db268f,7798,5029,475,404
847261c7-be6d-4cb6-89bf-195ea5b7e486,3924,3,2,1
83d9c7f7-1211-49bf-9b87-1b2b698bbda4,15838,5728,747,569
811e654b-0f2e-4d52-bf78-e502a0e61576,13224,6083,337,283
83559c4f-e251-49e2-a53c-c9115c11ae7c,16934,9196,1028,783
80112461-8597-455b-950d-e4986b19f553,13867,7109,432,232
85c78e5e-a25e-49be-b6a1-00cc30a8ba23,4556,4554,758,455
84657810-04e0-435e-b648-b47f84b7e68d,14655,7121,448,376
84ade9f9-ed3b-4ece-88e4-511e1c3bee40,8049,5398,2,1
8692f7e8-405e-43bd-8d38-261c86977112,9183,6685,610,294
88bc532c-1dd2-4df1-b226-8ea03b03f01e,6760,3667,489,415
8487d35b-0a2c-45ba-b92f-96a2d13204dc,14841,5673,584,506
8a55804c-b62f-419a-aa82-b1dbde725345,5962,5954,568,189
8974f210-02ac-49cf-8839-d6a16c4529f4,11329,6124,332,222
88d8278b-46a6-45c4-8bff-8e163b17c000,18580,10180,393,392
88ddfbee-ae4e-4dc8-87d2-2ed8ea1464cd,12735,5316,214,213
89a6f8f9-7da0-4c22-aac4-8279778dc397,7228,4884,366,267
8b6d2e2d-5454-48f2-b4d2-fd6616dee67f,10443,5977,440,308
8d294c5b-5f7d-43b2-8b64-13bb9eabbccc,10002,5829,265,264
87582117-3957-485d-a02d-d72e0020e9dc,9218,5423,441,237
8a5fa010-b70d-4c51-ba9e-0abf35e9efdc,6289,5259,785,474
8b5d791e-bdda-48ff-b169-b17c717afed7,12628,9233,912,911
916f2657-5e09-4af0-87fd-0dba7df5d41a,7702,5422,679,542
90f9d3ca-f8f2-4dfe-8b00-6e32a903c2d9,4723,4719,558,327
8f7a1b9d-5e3a-4587-9963-4a8e71b4f75d,17779,8993,978,510
8d4e6a50-f682-475e-8ab7-ac06cda71c56,14856,9271,1498,570
90ebe7a4-ab48-48d1-bec0-d9f6e8eebf84,11420,4187,464,463
8de8847b-d2d7-4c46-8ffd-47cece987b58,22903,18828,46,45
8abece8a-9a7e-4f03-9cb8-cfcdf98d1bfc,6366,4654,481,314
926c678a-7ec0-404c-b5ff-5f876de0dfd4,9204,5400,355,240
8b7b8d36-b856-4e1f-9d70-c388d6a37ab1,12024,8246,764,329
92feda3c-5907-4d9b-8c3a-9e4baefac016,7843,5264,2,1
93a5fd17-1bef-4e7a-a6a9-3c332ffb5bb3,7753,4970,185,97
9690ac21-6d1d-4d95-a669-f248969221af,8201,5289,2,1
8f8dba9c-1a69-4a89-bd8e-dfb2d0c9eda7,9370,8350,353,352
985ac287-5422-4fda-835f-4d7dd0a5ddc8,8090,5227,662,413
98b4471f-6b38-44de-ba17-9c9bee7de8f5,10802,5767,967,360
98b517b3-9126-4c7c-b820-7d6c24c77a7d,10541,5618,531,372
98c68d6e-4a9e-4bfd-bc33-0dde6ec290ab,5339,3334,479,375
99f128e7-12a7-4f23-95aa-f6f9289681f4,7506,3786,427,298
9619aec9-d6a6-479e-9d8b-787d7dde0924,17774,8520,797,447
8e9472cd-0c78-4f2b-a2e9-c47093d0e55a,
97de7dc3-1e32-44ef-97a2-8c2bc9c9b3d8,7983,6363,715,714
9c74fc36-19ad-468b-a46d-71ec2fe92184,6044,6043,785,356
9a0f53aa-b3f9-4600-98dd-ab6f0803b3c0,8930,4270,244,210
98f00348-da74-454f-b502-a6ff6e5b5d5e,13187,11259,2,1
9c57a3db-15bf-40d6-9286-ded72171c463,10881,6268,391,297
9c63b3ed-018a-46ca-9c9e-283ab1787634,11548,9931,1423,900
98c4f336-d265-424b-81b1-1384915e6b14,11812,6280,496,495
9a6e94cf-c5d0-478b-9193-bb7d9c35f6f0,18380,7624,2,1
9cd23810-fa6e-46dd-972a-9b681ce56cec,14933,14922,3,2
9fe38054-8cea-4b15-a052-372601adede0,9473,5059,463,291
9ed05196-c4d0-407e-9359-f25ac648a18e,13012,4913,702,406
9330c025-1310-457a-a2dc-b0af12f6e8ae,
9dc05e47-be4f-4a7e-8405-2b418b10bc31,13407,8869,452,277
a2b49cf3-9b80-4d2d-91d2-2155f3aa7518,11187,5750,2,1
a01c0cdb-0a40-40c4-87b2-65f5907992a0,14961,14957,1863,229
a19fecdd-494c-4c2c-9b55-7d3c93ac534d,13144,7939,3,2
a0c73233-95ec-4bbd-8772-07e7a983ad03,8178,7095,698,375
a496a756-9a8e-42cd-9828-9b796e66af2f,9750,4772,570,351
a504b33e-6835-433b-9591-b75a2d537c7c,6391,4629,718,353
a4812896-424d-4291-9f29-dfe122296106,13626,4890,288,221
a10cde41-bde0-422c-97c1-a581a31066d6,19724,16026,1342,614
a443fedf-cfa2-4504-9a9a-170deb0050c5,15842,13125,2,1
a82d3ace-3181-4c38-a4c5-d8d181d56b30,6587,4942,2,1
a2845bf6-6922-471a-8c4e-285b2c6d4bc2,20904,16410,1157,979
a860cfe5-9311-4b5c-83fc-41c042abb410,7190,5668,702,399
a615365f-537a-468b-a3e2-5d2942cdeefc,8054,7428,710,398
a87f96e1-0c0d-4092-af78-db2ccf24ff90,11684,6209,456,281
9fca7102-f9e4-4d07-8886-aa12e07d732c,
a57a5315-b0ce-4140-a024-99c7de8e80b5,12368,8409,865,446
a7f81d4f-abdd-41a5-88d2-93d99ee562f2,14355,14327,1834,735
a6d17c04-3b88-49bd-a35b-2fc5edaf46e9,10505,5529,593,366
aa3f59c5-ee46-4b25-899d-1e6614f63587,9121,5272,654,525
aa128545-d0f9-4bd4-9ea5-1335f5685d72,11390,5572,718,658
a94d8e8e-f38a-44aa-b39c-5c8031c98027,13671,3262,306,206
a9a1acac-c6ff-4b1f-b6e0-a19d8aa29806,7851,5118,398,261
a7422fc9-cfcf-44cd-b4bb-81014f8a977e,13607,10148,3,2
ab7c8b06-aaec-4d73-88fc-d6d9bad9fee5,8558,6029,481,383
ab9d177d-ef41-40b0-b0b0-3839fb147f67,13460,4181,380,300
af06e323-bccb-4f54-a535-d3a578658f15,7804,5352,2,1
ad9cb71b-a0d0-4a4d-84e3-8c34a8dbd02d,7918,4172,340,197
b0680f0a-f4ba-4a55-aa0d-36f8397cf726,9890,5552,2,1
b0144ba0-7d5d-4b7f-8183-12e981f66992,9651,5786,671,336
aa1bf7c5-6788-47a8-923f-36d8fa2fa48c,12904,8385,1029,355
b27c02fe-3d65-4752-8c2a-799602eacc1c,8757,4606,264,127
aca34851-4559-4daf-864a-cedaed75cffd,13343,11450,2,1
acf5386d-4dd1-422a-922d-ff5c58822af5,8396,5189,389,388
adcdaaa8-451f-414a-a354-b7d35612928b,8871,7258,663,473
b1430f01-0913-4b26-8f18-fa359744502e,14782,10435,346,345
b2a9a9c8-a49f-4ad0-b3d4-04171c0762a7,9947,5575,997,724
b36aca83-cf13-4490-be99-0c3b700f3ddd,8148,4155,3,2
b35e7e40-53d4-4ab7-9e7a-93e2263559af,10155,4659,285,284
b39d100e-1ca2-49c9-b299-78a793b8b6c0,7763,5940,2,1
b54bba80-27d6-4e01-83a2-d79e73943f2c,7574,5589,609,362
ad1456df-9ff6-4b2f-929e-0da8b26ea427,
b6d9ae0d-6054-40ce-ae71-f046b7e532e4,7927,4679,625,493
b28d0651-2c36-4929-b34c-9d9127c4b1ff,17093,8738,648,403
b44f1203-8819-4820-84f8-3a1435a4c850,15446,3579,464,388
b7309735-e2f4-4063-b77f-6916e1dba59b,13710,9700,1369,472
b637ac0c-01eb-4021-b48e-b38a97449165,9953,8272,910,304
b4ee5b67-ed9a-4840-adf7-f33e8a5705a8,13637,8044,707,469
b90d2e8d-598d-4d0c-a35a-b066d3325481,7832,4029,468,330
b829b798-1f3e-49cb-8cc7-c050df94688f,6734,5819,363,278
b9333146-153e-4275-959d-c8704ab65470,9491,5640,552,353
b411f960-9f2b-4016-a070-0ddb9494e756,16097,7860,566,419
b89d170d-a19e-42ef-a997-8d390b36301b,8417,4855,298,206
b974e9bd-fc86-4a72-84dc-54e143181f33,9787,5807,543,449
b6f1e3f9-6939-4c48-8646-0857a8feabe7,9026,6176,273,272
bae15d8e-21a0-4fe6-ac0f-14a45e2c2899,8890,4315,767,408
b7861aec-dcdd-48e8-b0d7-4b2324f83781,9454,7127,862,761
b18ece90-86ee-4c0c-8b32-f4049b35a410,
bcb162a6-b4ad-42e0-be70-4ce941168900,10039,6036,3,2
bd545f76-26d3-481e-8be0-46f8053ea42d,8454,6844,2,1
bb336169-11bc-4fe5-bd08-73af9e1bcdb0,10875,7366,3,2
be353ad0-12f8-414c-9e63-b34c9dbd7a13,6679,4877,2,1
ba1e671f-bb04-45f3-9a32-643866250637,9564,7210,936,756
bc486cc9-e520-4871-9d16-3fc5da56a08b,6949,5661,2,1
bcdd3ad0-d752-4fd7-a105-d43c0ab36dd2,12356,5740,595,594
bb5be685-84ae-4619-a9fb-cec51b317106,13343,8935,2,1
c009a5c0-1af2-4adf-b25e-22a387f66347,7245,5228,623,316
c0c7198a-585e-4f86-bc95-d31357d7664b,7362,5764,550,268
be9cbec2-a502-4029-b931-839922c1dc98,11199,7571,4,3
bd1f71f5-ade2-41dd-a8e5-16c25bda23a7,12809,11310,1265,814
be881192-63da-4c8c-9ff0-e108b2be1243,15165,8473,363,156
bf1c7dfe-2f9a-4d81-9c1a-63d48275271a,11417,4524,553,408
b9f6c94e-70eb-4673-9f90-ec1a22228746,13905,9644,878,698
c3bb66d3-c6f4-4f88-8512-8f4c85d860f8,10813,5778,460,371
bea4500e-8d14-4099-907f-0bbd2267c526,15061,8433,538,477
c46f2e73-e08a-4371-8a40-872c5e0bf98a,7696,5928,2,1
c40d3109-48c1-4a80-b0d6-50f9275c4149,8182,5354,337,187
c5bffcac-7277-418f-a4b9-6765d422523e,7775,5554,2,1
c6700650-a539-4872-aed1-849009b539ea,9037,5464,2,1
c76cb242-aa14-4477-8409-fb24e8405f3b,6616,5239,739,218
c6debda3-91e0-4b79-be1b-ff52e3731977,9373,6072,2,1
c1d803dd-4b9f-4ff5-8047-a4ae57dc9131,26641,21705,12079,6015
c7eed753-c24a-4ba4-a981-c16a64617939,9579,5818,412,209
c3642697-5006-4786-951f-c75cae8fdf72,13978,8499,504,503
c94babd1-a03c-4e3b-81c4-df3f27eec586,8287,6882,396,260
c9742d05-482b-482c-a8c7-2ea8ac4470f1,8493,5923,2,1
cae0ed17-d821-472e-940a-4184f20ed88d,7802,5320,605,420
c8502f1a-cb77-4124-b383-7a8ab5875e49,13728,4090,105,104
c9e4aefd-5f05-4647-961f-6b6255a96263,9988,6378,415,207
c7daf375-f9d8-4153-9b09-78f7c21a8ed0,13527,5841,137,103
c6f2a556-77a4-4383-b6a7-ba0af8c356fb,20160,14070,2317,602
c6b7c754-2b67-4ea4-ab89-557e611ae1a4,13055,7822,614,522
cc56fb8d-eaf8-40bd-9231-750048ffb9ca,7771,4250,506,505
cbaec624-7ad6-40e7-9ac3-6ba9cfbcc2fd,10833,5725,589,420
c5be329a-ae4e-4a58-887c-3ac0d60157c6,8706,7153,793,539
cdc18c42-1a48-496b-a462-7e6f9e16702f,6608,5466,549,423
cf3c0a83-1413-4227-a862-9567ba507c30,7063,4981,851,600
ce7fab7b-8812-4423-824e-02a7291975ac,7688,5393,64,63
cbccad16-65d0-41b9-996c-53c1217b55f9,13705,3480,197,118
d055fcb8-4648-4b3a-9fcf-a89d676a0616,12046,6915,246,245
d527b25d-03a2-4daf-aef4-8021f9d33ee3,7142,4456,449,352
cb72b765-6edd-4548-a550-3a46807f50f8,13373,8927,760,481
d29e6d3c-c535-4911-9065-6caf6a917911,9824,5387,608,607
d078eb12-d490-4085-9614-63585c131584,7450,5012,233,232
d107a643-9fa6-4a9e-8825-e0aac301d2b9,21132,13157,736,411
d7d8c481-3b57-4769-b9b0-bc669dff6f3d,7169,5747,3,2
d1f1517e-ebb9-4986-9bd2-9e52c73decfa,11095,5900,2,1
cc89aec3-b184-491b-9aa5-c663574b7dc7,16832,6813,948,862
d5d62ace-405c-4b77-b2be-7cd7394f34c6,14636,5148,551,466
d6d492bb-ae20-4fb1-ab9b-d260937827a9,12371,4266,181,82
d1f97a54-c206-4a94-993b-c10394d5ae39,8604,5662,553,328
d873090e-e072-4fd6-9a6f-5321ce2db5c8,10176,4243,640,558
d9e1af7e-df76-497b-bf55-3a746c5c670f,11521,3880,341,296
d885cb08-b5cc-4515-bd8b-841515aface9,19654,15166,7241,3700
dbdfb95c-5930-42e3-9df4-3014df002050,8276,5268,527,336
da8d22af-bcd6-42f8-94e1-811b47e073d5,11258,5060,539,389
da45212c-b90c-404a-b63e-202df5694df5,14566,5161,334,327
d8b7f2e9-f333-4fcd-be67-76b3e07efda7,8486,4508,362,246
dab499e6-7374-4773-9479-15bad4bcfc06,6201,4083,403,320
daf538a1-b684-4d17-aa18-8c9a0fbee0c7,18116,14326,1485,741
dddfdec1-087f-4fc3-a1f8-412b8491d48d,8570,7816,3,2
de5abeec-3d5d-4959-a4d6-7402efda88a5,8143,5088,406,282
d8d06ffd-103b-4801-b5d7-71b3a9fbf50c,11206,4792,2,1
de71302b-9097-4dcf-b0e3-d4c79dc9e04d,7927,3755,219,218
de566fc3-a85b-41ab-a889-16921af0cd48,6381,5096,2,1
dae8d4dd-ed61-4cad-b995-7ac28079fa06,32386,24565,861,308
dfb7fcba-b86a-4cfa-92b0-b448a447ca68,10658,4589,202,162
dce1b7a9-ba90-424a-83c4-c4b8629f4a8e,10227,8354,463,395
df14bb20-21ec-439a-a9d7-f2b47d461b60,12942,5389,318,188
de348dd4-ef0c-4be1-b1d7-d86f33658c47,8457,7670,2,1
e07d39cf-b1df-443b-90df-1e263f39b3e9,10031,4419,2,1
e220de38-32d4-4494-acf5-85813d912a31,6801,4308,612,425
e14d1a2e-0d79-459a-99f7-bf8ac9439b15,9242,7649,707,425
e1a0e6d4-6ddb-430c-ac86-5e91c618d586,6651,4909,521,260
e3cf7a6f-e702-4cdd-92e7-672bcb2931d5,7774,5974,1329,638
e3f4b4ef-8a6d-411f-8a40-9c74e22652a6,7066,5411,468,267
e405da3c-dbf3-463b-90d4-ba834aee5bca,7744,3528,203,202
e1bb0dc4-b3c7-421f-b652-4e40c053e824,8328,6421,699,448
e4c6fc10-9579-4d07-81ee-9d968540e4e9,7197,4881,581,265
e3bf74be-3465-44b7-88cf-c52bf18058fe,13096,4888,355,354
d3d5642d-ea1b-423a-8be7-745d989180a5,
e54027e6-fe7e-4e47-a564-d8196e32a85a,7839,5794,2,1
e4d23a54-355c-4890-993e-a0f63e79d5f0,9948,5319,688,483
e594e72f-77b8-4b60-9a6a-dc76c4eba13f,8375,6204,744,437
e5b1dc0b-cfef-4523-985b-f97973e8fe40,8736,4872,681,680
e6c3c4b9-8597-4e73-a459-28f15d746058,8197,4424,2,1
e4743280-7fe4-47c0-ac76-3d090eaa6822,12333,12328,217,3
e6f98afd-be6a-4c39-ad5c-bad96d51ae4d,10868,5651,349,291
ec51d7d5-62b1-438e-95c3-6163442081bd,6659,4869,256,140
e5ca1aa2-9ebd-47e0-8ef7-ba13b0f030de,5416,5216,214,213
e7f24f7c-336b-48a7-81cc-84b631a18a50,14823,10891,3,2
e59da305-b96f-4e0d-a283-de65368f088d,7001,6638,549,473
eb9bf794-1fab-49bb-a515-271994be0720,9611,6067,809,570
eb293f67-a29e-4b37-a311-4a0ca4b22ebf,11290,6868,610,258
ec80885b-ab14-40cf-b78d-043bfd35f0d9,7580,5595,2,1
eab6a7be-17bd-4e93-8892-ded60cea0dfc,15856,15542,2,1
e9211eaf-19e0-42ad-b4f2-d5c05bba10f0,10780,6701,237,236
ecb21a3d-c77d-404f-ad6e-72bbbb6d23cc,8723,5203,2,1
ed1e61eb-80ce-4b2e-b710-f136859a8a93,7811,5907,11,10
ed515428-edcf-4ca1-8734-afb17569cd25,7568,5516,714,335
ed9a7bab-5894-422f-9f40-e4d6d5f5dacb,8479,4367,521,414
e9392506-9e5b-4a9f-bb76-cef2194348ba,7741,5720,455,355
ee66862b-4f21-4bde-b577-9ec6d03e3a15,9386,5031,152,151
edbb1b50-6e0a-416f-b626-c33d0f52c8b8,10220,5680,829,517
ed341a94-7e5f-4394-b188-19acb2ac756d,14859,5285,325,274
f1b5110f-2d20-4edf-830e-2cfa76483e10,8207,4465,493,356
e0870801-af72-4029-9c36-36266dd61b4b,
ef2c154c-e3f9-41fb-a722-d56318a572bf,14679,5663,329,328
f236b7c1-44d6-4bc9-8256-cb95fc087f09,8511,3823,464,463
d8bed09b-d3db-4f50-b360-e984460e3fbb,
f2f99da2-b5ba-4212-844d-f0ff8e8c671f,10437,5781,575,189
f25be1e8-cc9c-4b38-9955-f8b9ab6239c1,11778,7560,765,554
f04325c3-d673-4534-83fc-a6203db8bbc4,12108,11946,2,1
f1657066-8314-4b9a-8936-d6df27827026,13258,11009,3,2
f3af6a2d-607c-4efa-b77a-874b611dd665,9709,5843,962,718
f387e9b4-2063-4390-909e-d8f1ef2cdccc,6826,4474,126,125
f7168e94-1407-4e28-8077-904aabff4f3d,8984,8781,2,1
f6de21e8-80e3-4546-8459-46d4f282d4ad,7972,6027,175,174
f932c097-a339-407d-9a4d-ebc49c29b278,8584,6123,361,360
f0d88e79-cb31-4d4d-a722-05ce4ffead31,10151,8041,370,369
f665ae4f-d87e-4f39-882f-c3ee76e6f616,5926,4395,767,615
f9767372-98f1-4653-a2ea-78219801da6f,7619,5088,131,130
f368f591-f2c9-4f07-9102-474760ba240a,15710,15696,1425,1105
f9ad5f48-fc3d-4b96-8320-73901019cdfe,9472,5824,254,172
f9f0852c-19f7-4e71-b5d1-dadcb157f5fb,10120,4750,466,279
f98cedc8-5f9d-4a11-bbc4-112ce430ce42,10624,7745,712,394
fac61328-3fcc-4649-8c43-aa9ebaf07a77,9968,5884,2,1
fcad16b3-a473-48ed-87ac-ee3cf8716c83,7920,5402,630,451
fc4b2ee2-b23f-4674-b4ce-e54c537338ea,10958,5208,155,154
fce22098-7a5f-4a06-8573-0b4f0bbed68f,9585,5768,554,290
f024a88a-6cb7-4417-b9f1-8e2e4853e04f,
fe98482e-1692-4933-8f3b-3fae5ca952ac,8934,5456,811,614
fa3140f6-a6e4-43ad-ae0c-5d2d153d7df7,9570,5903,685,317
fe70ec7f-4e03-4a5c-bf64-8b546e399052,14743,5905,407,311
fc5ce8dd-c017-4485-bd45-103983b89534,19019,12901,2,1
ffbf6d73-9850-46fe-902f-2a759349f145,7974,4790,3,2
fe807098-df4c-4b1e-b93b-2f846561c506,6606,5432,225,224
ffe9045d-9484-46f7-bcd2-7355e468d5cf,4714,3851,478,240
