Read ID,Poly(A) end,Adapter end,Leader end,Start end
00ae8d42-5341-4efd-9ad5-c41bf0737cf2,8079,5407,545,391
00d62d33-2641-4427-86b2-007659b43926,6822,4929,2,1
0086f6bc-dbe6-448f-af79-a85571c25409,5979,3552,165,164
012af672-922a-406d-a752-b0d4b73d58a3,6066,4627,832,442
02bf1fd6-ed8d-43dd-aab1-c9f25291f5fb,7584,4290,508,299
0283b3ee-e49b-46e2-afbf-cc223d94c62f,7768,5998,727,270
012158da-d528-4c02-99aa-8857c710da7b,9813,5122,331,133
03451f01-fe1d-473d-a812-3cbaf17b77ef,10192,5888,634,500
04b3fe29-4f2f-415b-9d03-bc51714382f1,8490,5855,5,4
02e1d278-4134-4b20-90ba-e1adcfa0c876,8449,6330,550,311
0741b23d-9d03-4f80-ba92-b8e6e1df73ef,8223,5277,543,383
09f9c943-f9dd-4210-a23f-4553c3069f67,7376,4484,516,220
05570bd6-f58e-4134-a0a8-a7ae88ce5575,7878,4943,544,383
06539736-c499-4f09-afe5-318aac1fe4bb,10108,3085,457,377
01b509b0-a5f2-4b5f-95b2-87b8fd18d035,8491,7104,687,329
0645c9ab-62c5-40d5-bbdd-59577f4ebb1e,6053,3597,477,383
0ad1dfd3-33b3-4a53-9f30-c0f64a8f40a5,7240,4340,295,294
0a8b3212-5db2-4620-b9cc-e653db6a3c9c,16053,13219,2,1
0810e743-10d8-48ac-b0d9-6388731583ff,8035,4517,293,292
0cb0b095-0fc3-4af7-918a-7b52831bc027,211,209,166,165
0cfee47e-4ad6-4b10-a609-3a178c7df352,5187,5183,2,1
0d485f67-dcca-4cc4-8ffd-731d0b886330,7606,3962,346,345
0d7831c7-f5ee-4baa-bbbd-4c5dff8195cf,8161,5692,2,1
0d0b69f6-01c4-4f7c-8233-253254b569b3,9859,6028,667,471
0e100016-cc46-47c8-8c81-90cf437ae023,8254,5230,229,140
0b17caf6-b9b8-4f37-991d-e035084782d9,7751,5756,476,311
0e714126-1d59-4d77-adce-c3f59736495c,6884,5120,2,1
0bed9c69-c7e4-4184-a672-d59c4cfa672a,7325,5558,438,324
0d823f21-0306-45e1-8f42-77872d9a2eab,10088,6358,453,325
1141d6be-897d-4d3b-9ece-d8e55c864f43,5242,3921,558,401
0f7b9f61-5398-4493-9912-ab80276a8e0e,9189,5768,2,1
0f68f683-f65a-4548-952e-e1b6996e1d03,12722,6283,541,259
10d491a8-f6f3-4935-a232-10bd3f4d724f,7768,5467,446,321
0e45df8e-75b4-45f0-995d-cc5062247418,10847,5213,585,403
150061a4-a7b7-4861-a3a9-007b0033fd45,6495,6483,2,1
0d8bf830-ea64-4baf-a30b-85002fe3a36d,23541,12532,448,21
15be7257-41b4-4a4a-830f-d69ed2ab12a9,7855,4848,343,255
1464a44f-9e00-4ccd-ab2d-1364943ac93e,15058,6904,557,556
1357e9d4-d448-4a95-91f6-615d93992c40,14782,14770,480,328
167814a7-97d2-499a-bcb6-706b02598e44,10303,5687,252,251
16baa679-97a1-450a-94a1-d18762ad51c3,9857,5417,403,251
19232795-8bdb-4aee-bd1d-7a95ddf1bf53,8305,5993,746,462
17ffafd5-12eb-44e2-9fc3-fa40075323df,10493,4785,631,455
19cbba68-edba-4363-b0c7-633dd7b55592,10636,5490,485,350
147e7bd1-1a56-49e1-8f07-ca2461559dd2,11918,6791,610,454
1bc75053-210f-4e66-b0eb-44edbfcc0354,8143,5122,643,447
1c6157ac-1b94-4786-a753-416bbdc1e1e6,7838,3989,149,148
1736709a-1ff2-4b85-bccb-d26562ab3c4b,14439,14437,748,356
1ca0da80-f740-4a1d-9ae2-6ca5123cabf0,7502,5505,800,187
1a657e0b-b19c-403b-a3d0-01ee64ce41c8,8696,6468,2,1
155bb351-fd6e-4f97-8c30-54b6e62324c6,11893,5580,295,294
1d7a1d9e-af84-4213-a5ea-91682260b596,7495,4290,714,561
1cb0cf80-e810-4824-b3a8-654d1924f4d1,9813,3699,197,196
178c0969-5ce7-44fc-963c-87531b8388cd,25682,18612,14506,8085
1e78ca0d-ce03-467c-9b66-caf7d1bfe48f,8297,5469,568,469
1b262f99-a8c7-41f3-a4a0-60a7efa1ee38,18408,15989,2,1
1ec2e006-e98b-4fa3-9c27-5c5ccc82cf44,8363,6532,595,213
1feb818e-1b45-41ab-b1b9-24b71a43f574,6547,4250,389,268
20b1e18d-45b7-4905-8162-92dd96c4f264,7713,4852,161,160
1f6183b1-5fcb-4f1e-9a3a-69aa1f5437db,12923,5146,417,320
20f8071e-765a-4026-a33d-690ba44ede49,6580,4134,2,1
1efdea61-f19d-4c3b-9f6d-c608046eb1bc,10122,7054,965,796
1f660f33-560a-428b-aee7-b7a469c438d6,10940,6371,839,568
1ed4fe59-8603-42ad-a614-231b6e67842d,15509,7042,805,620
235e20de-11ed-4eda-a400-b3b23ce428a6,7599,5007,2,1
23eb4e00-aa84-4e76-b565-fc197b895e42,8837,4243,363,273
248b36c6-ab73-452f-bef0-5af1659e3fc1,7372,4285,3,2
1e7f2131-5e37-430b-a841-a8c99db0ee21,14987,9869,817,653
24c1abef-dc4a-4a06-9b43-0bebf2cc2fbe,6379,2721,136,135
202ee71b-3186-4ef6-9dde-ee21ef11f718,11428,8862,679,480
256d9baf-9b54-43d7-aae1-fd2fc6c3ec71,4303,2727,179,127
252ea814-2b3a-481f-a612-cc9b81950cd2,8122,6211,10,9
2496dec2-17a0-4586-a8bf-8cc49db71e98,11412,5838,2,1
24c82378-2919-4917-ba2e-d2ee34c26c21,7725,5007,438,302
23ec8c29-f4a0-4852-8a13-a3a4f686dcdd,9680,4707,323,322
217cb17f-abc9-47df-932a-32a07de44402,11211,9799,406,186
28466475-c226-4240-b935-a47acfa4e526,10619,5669,237,236
23357162-174f-4fe7-8bbe-9cbf9aed6de6,11573,7493,723,470
28cce495-7673-4b22-a922-3f320f948584,11304,7167,2,1
26790ec3-b47a-4881-babd-df89c98bd740,14150,6155,748,408
25c84269-1640-4660-86c4-cb4e54c4f8bf,10792,6232,645,493
28f6d518-1ad4-4e4a-b66a-254243a6e80f,11503,5819,541,380
29ece1bb-3e8f-4cdb-903f-2da4745a159f,10212,4726,2,1
270982f0-b84d-4440-ab39-84c212f2f8e4,14741,9213,731,228
2a7ce988-79e3-4173-b561-d7a712e7e8af,14450,5338,496,404
2dac2a1d-9dd4-4a11-b269-fef73e2e9c5e,8822,5045,384,220
2c3314f0-1eb9-4996-b507-a5409babbbf5,10065,5998,627,435
3031625d-9333-4f1e-9ffa-15a5d840f45a,6974,4695,3,2
2e54be45-c164-41db-91e8-5388bbb00591,8343,6206,2,1
27c43a92-f741-4990-95fd-3f8bac8b8aa7,8471,3733,290,203
2f5c78b8-724e-4be3-9ec4-a8ff2a02537c,11161,8151,1151,478
30d22842-0b49-4fad-88a8-c25feea601e9,6695,3372,430,299
2ace6398-2c6f-40ca-8c01-e5c7a393d82f,11851,6583,1144,799
2df2bb73-38c5-4549-b5e0-dc4f66c67213,15066,6476,369,368
303993e8-fa2c-472d-ac79-a6fdb4392152,8190,6168,438,281
335458fd-deae-4bbf-aeb2-34bb1a822801,9382,4732,455,366
32b3e29b-56b4-4611-8212-9e8c2d900705,8190,5687,731,283
34f19be8-eb6a-4f3d-a01e-19e008cd0153,6254,6245,430,80
371da1ab-503c-4d0e-af15-5782d7124f3d,7494,4852,295,197
329401e8-ad38-4aef-802b-71d2ba57a509,8481,6669,1088,660
3830f0c4-9b82-4f89-9775-7f785425705f,8476,5195,474,215
3857eaae-781e-45f5-b0a5-53045f3c8f2d,8504,4588,189,188
33c34401-ff1b-4df8-9d65-d0ce9dea064a,12548,6227,324,168
39814185-55c5-4ca6-888c-59bba64eeafd,6409,6375,2,1
37fd1f24-1710-43ea-afc6-7ae122cc24d1,10393,6331,994,737
387645aa-9606-49bc-b68c-cc2a0f40f5ea,8147,4935,313,154
38b8bd85-c6fb-4052-a120-de1e7b2696c4,6282,4789,395,226
3aa4cfc9-a0b0-4259-a5e4-7685b617b07f,8281,5184,411,271
3a4e476a-40cf-4610-9c61-75460866fd04,7696,4472,746,433
3aa9ea83-6fcc-4370-9a22-57b7f16e593a,7948,5359,526,277
3b0b70f3-12bb-45c2-8c3c-ac534edb1ff3,7808,5314,744,396
39fa9a1f-9b66-450b-844c-458dcdfcc47e,9022,7799,643,431
362f9b35-5486-4428-a007-1fcde3a6d883,14629,8304,387,386
3d6b07f8-3ae1-4386-89f7-3d290dedef4e,4778,3412,2,1
3ccf8732-ef3d-4498-b6e3-4a78caea2dc3,10028,4920,318,218
3cc7451c-c1dc-4e4a-b0fe-f45ab4c17114,7428,4933,395,268
3e152b29-8b38-4ae2-9651-aee0c0547b15,10154,4176,178,126
3de19629-8c4b-4b02-b62e-99e5eb652076,6706,5392,475,309
3ec195e9-b25c-4819-ba7f-a828cdaf0919,10182,6076,2,1
3fdbc2e8-7947-41e5-8246-aa89dab128a6,8305,5448,752,521
3e6bd036-ba17-4ed9-ba94-2c734c3df410,14471,5011,327,326
3e606a7c-afd3-4e6d-8276-b337f5c1ad66,14775,4807,122,121
3df00f7a-0dbf-41e4-a35d-dc9d00a82a67,9309,6124,51,50
4022a1e7-3795-4987-92e2-a8eb8cee4b16,8516,4224,340,237
40077297-7b42-4177-9d43-d16fdbd14a38,10508,6023,793,415
3ea0b133-4823-4cd3-a3e9-57ae54ee8d94,12208,8708,912,813
3eb1fb9b-c42b-4b38-8f25-44f6081cd13d,21038,15920,681,456
4325a084-51ef-44bf-a3ef-f5230649c295,7500,5870,775,557
42b5fae9-90cf-4184-9fdd-ad0993429e1d,10333,6068,524,523
40a0f8b6-0fca-4453-965a-26d0e9778e3c,9905,5862,698,487
3fac110d-19bc-4dfd-a918-3ff84cd6d7c3,18869,13591,4198,2492
42c22f9a-f1d5-4208-a07c-a9e283dc4d26,9204,6290,199,198
4403dd40-3f62-4651-bbd1-ae2b435b2269,6849,4602,436,172
3f6fe3ff-e9a5-48d7-85c8-c7f60038ac50,28867,25091,2,1
418e2598-47d9-4611-ac90-5277157bc4ea,13567,6493,704,603
45d50134-3a65-468b-b7a9-97d8e90a7837,7484,3285,361,360
46135b97-79a2-4cbd-9d60-a4540e06a2b5,8672,5443,2,1
4465875c-28ae-4b06-af8b-2929c78e2bb3,14413,6494,1100,826
476a133b-90d7-43f4-b8cd-8fc1598ee13b,10586,5220,267,266
46020384-57f4-4498-9e7a-03f272643b71,8070,5901,202,201
44c85cf6-481f-4b70-aea6-e4c78f7ed9a3,6499,4981,2,1
47b8a9ea-f0f3-41ca-93c7-49e00850d954,10111,4053,484,345
48906833-9379-4975-9c71-17456f8853bd,7959,5436,607,301
44a03a3f-d7ac-4f66-a9f7-a2bf7f03af36,23643,17321,388,284
437296e4-b9f2-4979-8413-00872967f6e8,8675,4084,458,457
480d1aa6-5869-4c6f-a353-bf4d459fc6ff,13601,5801,543,384
4626a5a0-dcb1-4b2f-b246-4f9c2aedf0d7,9306,6536,525,340
48bdbc95-c8cd-4ec1-96af-8ce6dfc1e7ad,11845,5690,554,211
48534e02-df75-4585-88a1-1f46f4ca3feb,10169,7420,3,2
4adfbd6a-8f22-42a4-88d1-875d5ba618f1,4862,3,2,1
49ad3b62-7dc6-4fba-9a8f-2d2739e16e6f,9230,5975,923,546
4ad60304-62cf-4e8a-884d-50334ae674ae,8267,5931,1061,724
4791d066-cc31-4eaa-a526-bf828282edf2,13579,8817,3,2
49448035-1c82-4e4d-bc96-c80c4f8a41b1,9374,7451,501,394
4b3cfd16-c4b2-4b86-9b30-d7f00b9f24df,10860,4910,709,506
4c2d505a-d1d6-4f06-9d3f-e1c52053f3e0,8253,5334,322,228
4dff872d-d02c-4744-b221-c35e06ea623a,8367,5599,219,218
4bd52449-6ae1-4e67-bc18-2dcc110d1176,8698,6124,2,1
4e43e421-f094-440b-bae7-e38ba603a1d6,5791,4387,504,371
4b1b903d-2673-451a-b875-f14b057c5803,7045,5810,223,222
4b6219fa-64a2-46bc-a8de-adfb8662e855,7280,4320,555,410
4f323875-8baa-40b8-b75c-625698e9499e,10676,5576,637,402
4e79a18e-60fd-439e-99b7-078d6e553b58,14308,4736,357,356
5231867a-80dd-4e7a-bb37-6af2e67e876c,8111,4037,546,502
4fe63b91-419f-412a-838b-a7c80e7c0bb0,11565,6970,596,205
513e9be9-5ea5-4996-9411-4bfccdc4750e,13298,4608,478,398
4cbb3a2b-6f67-4daf-b743-fcbff9a64381,19369,19364,772,176
50950beb-5eee-4e5f-a688-4156419169c9,7801,4487,180,179
50b42525-0174-4d0a-a18d-26bef8848d0e,8656,5936,217,216
557f005f-b085-494d-8d4d-b8b3a7efd4e9,5726,5698,705,392
55af4866-fbfe-4502-b5b9-91f14c6eda66,7648,5296,3,2
56a79dfa-32a1-4ade-8cfa-ce2da986c727,6710,6707,964,443
51a36a32-c017-417d-af73-c383b1e773d9,19084,14817,786,367
582e2bad-b35f-43b3-a5ae-27643c88420e,7782,5075,366,292
538c8292-c1b5-47b7-b95f-17eb41ee3d24,9885,7343,846,744
5973c954-c425-4cc5-86e3-be6a44d9a38f,6056,3693,359,358
59e7eb7c-725a-4b57-8776-c43805e9f378,8547,6004,617,376
57580f82-6db5-47f8-8bb3-640335c87538,6349,5332,493,339
588f2a52-5019-405e-a363-5bfdfcbbbafa,7708,4878,483,243
5b6ef4da-66bc-46c6-a61b-de745a4edcf0,5925,5917,610,386
5a1833d0-ddb1-4070-82f2-ba24d8189a55,6540,5247,515,319
5b006a38-a19c-4a87-a324-62d5873de1f1,9633,5495,2,1
5af585b6-09cf-4ce0-8f15-893fd312a20f,7202,5030,452,351
5a84ac47-b1a1-4e1b-9a1a-a72aea778b27,10425,8887,742,547
5bd727fc-bddd-48dc-8123-8041a5892804,6596,4339,530,360
5dcf428a-b403-424b-bc77-0600f3e8d659,5878,5870,2,1
5ea4cb7b-27ff-4b2e-88c6-f8705081461b,8164,5842,377,263
607fdbe1-adae-461f-a6ea-acf98ec8f2f3,6188,6157,591,335
60b0f6e6-72d7-4f05-8b3a-590e600a4070,8099,4100,453,298
5d386995-c1ff-48dd-9b82-f87308c642bf,7002,5896,595,523
618d411c-0cac-4bb5-91ad-2434874f6a59,7742,4844,381,380
5e741ce8-bb40-40d7-82ff-b048ea24188c,11104,6544,526,381
63849e4d-9690-4e6c-9ccc-6c497e52a02f,14608,5644,777,494
64b779a3-e434-4951-be51-f08597c3fa08,7695,5454,183,182
6544846d-dbe3-4998-84f7-c69af71bd795,11026,3647,161,160
600a5442-6fe0-45d2-910c-262132d26470,9218,7094,944,524
666ec76b-5f70-4d2a-beaf-153c830193f1,8443,5960,1442,323
6763d370-8064-485a-8993-16b49032becc,6043,6027,424,270
69037ae1-85f5-4708-9508-4171b2a6ff80,6812,3941,2,1
6902fb14-8f3b-4277-82e0-2c184cb37457,7199,4948,308,152
67e965aa-259d-41d8-8e52-5077dfbdfca0,7876,4713,350,273
691be1db-3093-449c-a56e-286f3affede9,8411,5965,679,533
6b7ea0fe-1cb0-44c1-8d78-e79a6fbcf165,7379,5447,575,375
68eced86-da22-479d-a601-545aa61deed0,8100,6042,677,427
6c3bb38b-eece-4d05-b2fd-11bd9d01edc3,11035,4503,776,702
6c77e7cb-5ead-4517-a96d-b5cdf87584b3,7182,5101,2,1
6bc234dc-0678-4366-ab28-9b1a1c5b3bd1,6476,4557,392,301
6b771d48-1249-42db-84dc-195666345ae3,8390,5936,731,560
6c35fcc4-eb7d-4d3a-be72-a9376072e87e,10588,7825,3,2
6d814e8a-c046-4050-a024-83170a2a71fa,8831,4612,94,1
6f58ba92-cfcf-4e04-b894-d5bc7e479406,6822,6401,3,2
68996916-769b-43b3-ad0e-abc585b7ed34,10571,5205,518,517
6da2152c-fc1e-4973-90fe-bfa44206c33f,10754,5579,265,264
6de4ba7f-a3a0-4d17-91bf-69200c6b67c1,8304,5287,2,1
70c13d0e-6515-4d48-8f1f-5e1c75b1e9ce,9651,4754,712,562
6e231e97-9bdd-499f-9505-febb8a83bc6c,8729,5813,840,503
6d36022e-180a-4c5e-ae50-2046ef04cd56,12004,5312,379,274
70fdd23f-ff95-48bf-9eba-5c8653510285,9498,7301,408,296
7265b150-ae18-4314-a7db-14991531c9a2,10425,4683,417,336
741be00d-bbb5-4734-95f7-4e2fa70afb15,12232,6040,549,292
75d3cc6c-98c7-4ef5-8992-fe05d9c1eefa,9437,6485,3,1
75b73759-52bd-4c2d-b0dc-809725ada33d,12334,5750,447,330
7418fbc4-15a3-46a3-9514-c50e6d45661b,14646,8552,1025,591
76ed68c4-2f82-4d28-8ab9-f00a414ffe09,7800,4787,2,1
76062314-3f0c-4740-ad76-d0d4f5e0dab6,13896,5364,465,371
765e8211-5959-44a9-bf59-6013840d3203,12604,5801,776,573
7625a69b-3a91-41b7-857b-065bd86adc45,13235,9324,671,278
76c881e1-5dc1-45ea-bd8a-139006b1a7b4,12424,5744,477,410
781ceb54-59c3-43a0-8848-fa762034fb75,7598,5322,2,1
79173b0b-a2e8-4206-a53b-ba7c615c09a2,6457,4686,3,2
7abb3468-9fbe-4bc0-8151-61cc2e7e5151,9485,4967,2,1
7b3f6953-4fcf-4e86-9570-db056e51bbaf,9735,5333,821,691
7bd6a5e8-e4e6-4e18-9034-4eeeb54fe212,7725,5176,2,1
7981d447-05a1-410b-9497-2702bdc92ab4,10904,7335,583,477
7c4e8dfe-8e8e-4a8f-be06-b43ab9b937bf,7954,6054,525,206
7d31374c-8f6b-462b-8d08-1d0f88e81e65,6237,6076,383,224
7d589146-ed64-4dfc-ae90-6ae4b4752326,9310,6420,405,249
7ea817f9-340b-45cb-bd02-a06953d7677b,7649,4266,598,429
7ed89855-59a4-4ead-9765-20e4287cd731,7221,4420,338,168
7efcd389-6d65-4301-9290-985c014f3877,7930,4400,2,1
84d15659-058e-4750-bed4-e3217b04b2d5,7513,4705,2,1
8163ccaa-e546-4c7b-8c38-229a5bc7a905,8095,5439,547,401
81d67d78-4143-4fef-9377-3754d9fc2d5e,9966,5082,532,349
86ad8163-5c93-47c2-b913-b09e96eca586,7914,4806,586,343
85471b3a-3719-438a-8558-acb1ff7c3698,9945,5877,388,215
8743f232-7bb6-4957-a4a8-f573f4a35094,7503,5231,437,436
8398c5f8-1c38-4375-b754-277b06feb8fc,14307,5498,443,442
7bb5329e-fd99-4405-af06-220c38a351f0,20929,6684,500,412
8783d70b-bc41-486d-82f0-7c799feebfe3,11058,5666,413,260
885deaad-ca37-4d26-aab8-58aefc00c90d,454,3,2,1
84ea3209-9882-4dda-9d83-d874de2c682a,10571,7205,566,372
8893d822-72a0-42da-8cb7-bc0db2ef017a,7306,5366,2,1
88db5075-7bb5-4a8c-ab77-bec45299feb4,10098,4697,557,455
874841b9-1f28-4c6e-b5cf-283d9256bf83,9182,6268,929,323
881daca4-cc32-4977-b58d-65d6b415f6f4,13915,8985,449,264
8821e28c-897e-43cc-9e6f-d46fa4301c21,14498,7909,405,404
89f1e9b4-e4cf-4ff8-b026-2722dd6ca166,8211,4295,705,590
8b4ced28-5087-4217-aeb9-bfd358843604,6443,4530,328,172
89505254-be99-4406-84c8-4c0472c1ad48,14923,5947,494,334
8ad49cf8-dcf6-4757-ab89-3d220837499f,9860,8259,2,1
8e65a9fb-fd58-495d-8007-7f4550cd5b7c,9172,5717,644,244
8abbee19-999f-4e4e-b1bb-900d565ea41c,15298,6354,693,224
8d374f13-2e65-44c3-a7be-5b8f77bf58de,11588,5329,469,468
8caf0422-5b60-4ab4-a7e6-3eda9d5dd5fc,13517,4689,273,240
8c02fe59-749a-4bf1-9652-1169340e3b68,15017,9652,2,1
8e9abae3-dad8-4f0e-a021-6a0ebf66760d,9139,6180,829,571
92c796a2-59af-48eb-8ae3-6578f3046c1d,4231,4,3,1
90c15f41-d1ea-4dd2-886f-7917e70a0b3a,9670,3930,408,354
9420daff-c6ad-40ba-b55f-8a74ad750acc,7977,5269,2,1
94adfeb1-d12a-4937-b821-48be93a36a02,7817,5095,386,348
90f4700d-e892-4a5c-8170-740e5233df19,9488,6460,461,460
9206e677-7244-430b-a8ca-ce9d6f070961,17129,6568,432,282
94986648-5004-4932-ad20-d89582f6729e,13149,4587,187,186
94c72241-08a8-48a9-86d0-779f661e9848,11236,5232,187,186
921c307b-8d63-440b-83a7-23ac5ac66740,7092,6100,2,1
95fab370-46f8-422e-aaf9-f56806a259b4,7731,5551,2,1
95881902-3e21-460c-ba7d-702643490a6c,8786,7877,1033,615
9830406d-fa28-4836-825b-d3180ba0ad68,9803,5178,245,69
94e26b0e-2fbe-4487-82e4-9b6516f65973,6356,4494,257,256
96007e3b-f4e9-4d75-8418-1709256eef9c,8830,3930,447,361
99c9fc3a-3a0e-4b4a-a207-5fec9107ec20,6578,4007,438,332
96d3f719-1624-4278-a4e6-2e8e85094d51,10491,9495,2,1
9aecdac7-6eae-4066-a444-0021115a605e,6120,6096,2,1
9a10bc9d-18c2-48c7-b3b1-593cebf03d56,12235,5829,571,450
989a6e9a-f9ba-4218-a7cb-3a015e81f161,5740,5011,447,389
9b7ce2bd-8fff-46ef-a9b6-fbce3f139457,10238,5646,551,360
99eb2672-d00e-479e-a6bf-dbaca679d4ea,8048,6526,509,342
9c4649c0-7a0d-4843-8399-b00ea119192b,7727,3663,208,159
9bb24cab-2f74-43fa-82a9-1ddabb145543,9781,6064,3,2
9e2ee7f3-88ce-4542-91ba-c501dace1356,7879,4860,2,1
9dafe696-21ca-49a8-b65f-b8d6895c0afd,7498,4657,689,570
9ef351c9-f527-4e71-98f6-5a7aa92932a1,7051,5773,546,246
9efa7d6d-156e-4e8f-b6e2-48d28186dd27,7389,4513,589,447
9fdb0acd-bc56-4676-9bbe-af7453b2d82a,6290,5136,405,296
9bcd019d-f081-4112-8cfc-4133dffcaf58,7518,5783,245,151
9a9c5936-ee27-4ae6-a699-46defa30a51b,8431,6083,456,455
9bba89fd-f540-4de0-a799-382ce89cfd88,12504,5778,443,334
a31fc0ba-c478-46e0-8c4d-c8e583a5ba59,8794,4954,200,199
a6ca2063-2a13-4aae-a8d9-fba826bee009,7604,4946,895,648
a577f606-0bf8-4688-afe2-d6932fd47ffd,10751,6401,670,559
a0cee968-3800-4928-b68a-3be233f00c06,14481,4489,771,632
a77b66f9-69f7-4da6-849a-67e95546c71c,10322,4592,486,431
a7d2499d-cbee-414c-b48a-cc9e9875b6d8,9808,4872,326,249
aaea2adc-ca6d-49f8-b45e-7208b1554fcd,7310,4263,465,330
a42c1542-640d-4496-bfd3-5ff0226d9d59,17158,8488,1058,696
a306b151-3162-4eef-b67d-785c56c8ecfb,10028,6367,570,391
a3a51506-1f6d-467b-a4ac-2b923fab1f65,21658,15556,1408,828
abc99547-4594-4498-8603-c0ca356842b7,10336,5977,562,427
ac202a63-7b40-4429-a508-d800c4144074,12810,5409,513,512
adb5752f-0ee4-4ff3-a15f-3ae46ac05f8d,6861,4509,685,414
aade6389-3f67-4503-a3f9-3d354c47d0e3,9109,7266,2,1
a1da78f8-40d7-42d4-8af5-63fc8124b902,14103,8583,1015,418
ae33b111-dd18-4c40-9afa-8885f6989568,9091,6155,933,381
acc3ab0f-863e-45c5-a631-47ce7c172ef7,7645,5261,432,300
ae9c6624-6dca-449e-9305-1286005ed563,5557,5549,2,1
ac8298ae-bb9a-49d6-8529-381baeb8fb2a,7497,4781,391,322
ac4272e5-3878-40c5-bb36-7f22d1d7484e,11636,8981,2,1
aec3afbe-82f0-4a65-9f16-3223e55bc1cc,8863,5022,213,212
b3ba715a-12ea-46bb-b4c1-6470a1b1fa92,7802,5408,451,249
b17d713e-3070-43ba-9b0a-a2d6cc9d91df,6880,5846,396,395
b22e0700-ddab-47c0-8bec-443c6804fe14,11075,5268,434,195
b5cd3e02-b886-4133-81ca-4ac451ed99d9,7756,5039,650,473
b82ea203-44b8-4083-aa0c-3021f33aeff6,5645,5644,548,280
b4bb7779-d813-417b-9c6f-d4290937130c,8368,5523,232,128
b49609c1-e648-470f-87a6-d770a5746f92,10664,5126,1137,965
b1ec4868-51ed-4137-99a7-6e0869a7dca1,5692,4737,670,407
b85c5a98-55dd-42bb-b9a6-4ae863870239,8266,6295,712,537
b8865673-d0af-46bc-a889-589b36f6f174,11374,7805,2,1
b98f34f4-a770-4948-96ec-14016f18be82,9948,6145,844,439
ba5b7a47-db42-40a6-956a-1cd445b8a350,7815,5975,2,1
b4db05ce-936a-4b5e-bc50-938449855465,13440,12648,2,1
b35cb255-d891-42e6-930a-2c7a7c031f92,11278,9339,547,387
ba6df8e8-9d59-4225-840d-9b5559bab714,7464,4879,291,290
b9e0d6a1-0ca5-456a-a2c2-6bfd1d968592,8407,6883,3,2
b95f582c-75b0-4dbe-ba25-34bec6ce9c0a,9508,7670,356,247
ba0afe5a-ce06-49d4-b45b-72ab5b45908c,7413,4724,507,321
bb7150dd-cdd6-48eb-8f92-749783d5b27a,5800,5781,2,1
bab2c0a5-ca77-4ced-a6a4-008ef706fc5d,7311,5285,311,212
bd2ede6d-10d6-48c6-9ccd-9a2f62232ed9,8191,5265,3,2
bcbba266-ba71-4d6f-8122-5dc3af269e63,8854,5451,451,405
bb2d1093-d241-44c1-b7b4-9a24632907de,8404,6880,973,446
be170de2-ca07-4420-90df-5938b16a4591,3899,33,30,1
b99fc0cc-4829-4c31-8a15-afc8f1eb8da5,13255,13230,843,457
bcc7069d-8aa2-4058-b471-bed3c0193cf5,7595,5694,535,404
bb31b288-443d-4a5a-86d0-2f1b69ca3e74,8424,7118,389,214
c026c8ec-e92e-4aa5-9419-15c1693040a1,9283,5909,735,253
bae32dbe-cc87-4c0e-9784-4f5ef9fabd9d,21504,12515,309,308
baac1305-0cd4-4d5c-8e04-a0a1e46640ea,5733,3527,484,262
c0964638-4c96-40ef-80eb-56d38e8b3e83,8869,6315,825,505
c02f3477-5393-43d7-8995-98315a84ba7b,6510,4679,429,252
c13dbf1c-b97b-4111-9a1d-daf229ba6fac,8548,4533,2,1
c0c4822a-e8c8-4d62-92f2-2dad8c249ba0,14757,5226,472,375
c14c9d2c-1ff7-4f17-a12e-4edd35089913,5370,3766,341,191
c0947a60-1619-4f53-8bbb-4dfd1e454147,14587,5004,460,459
c158e4ee-b7d1-4f4a-b2ed-2b2465a18161,13810,6562,550,397
c1c669c5-9036-4229-a6cd-4a2526884ad4,9763,4257,540,287
c1e9799e-650b-4b16-9729-4bda35f75125,8150,4550,354,163
c2c7f9c9-fde2-4da1-9d4a-46b734578d41,7540,4618,300,299
c17df933-d1c1-4531-840a-ee438f6a1676,14187,5132,454,453
c1155a41-ecd0-47f2-9493-a2639861148b,10971,7880,167,166
c2fbfc50-62aa-4f81-ae0a-0ed0d2a36f8c,9783,4808,531,530
c77d54ab-ee5a-4c5f-bbbd-53685564d853,7343,4697,2,1
c6a4b172-6e2a-4299-a80c-5357d13f02e2,7194,5358,273,272
cb600a94-611d-49cc-a459-04ca93c3ca62,5214,4862,487,416
ca9c3132-82fb-44c1-9a4b-121da2cd5ce8,14452,4469,632,438
ca10fae1-3b0d-4637-a9f0-7cb53d0e3b0f,61,49,2,1
cac1e546-c718-4376-8369-2e25d0e21d08,11116,5216,776,483
cbef6c7c-fc2e-4eab-a261-7de4b952df7c,9672,8108,2,1
ccabc865-b7c5-42c4-ae67-6b8ee7ecc976,9272,4867,2,1
cdab8721-a9eb-4e1b-8925-fee81b62bd93,10903,7438,98,97
ca0964d5-28b3-4001-896f-4be2f01aef95,11242,7704,2,1
cc538ad6-89ed-43ba-99a6-e685c679d3a7,20994,15581,2,1
ccbc40d9-b08d-49c6-8b09-820afefb027b,7789,6265,404,388
c60602e6-d0c6-4ebf-b349-5e9b499f88f6,10112,4410,289,154
cdc12171-873a-4e49-a0fb-370235064b53,7896,4413,488,291
ce943c97-8139-4240-8e28-64958a09312d,7949,5596,377,225
d058a536-7c4f-4e07-bb33-af96a4ea2ff2,9344,6974,369,208
d15c1f02-a25b-4ca7-8675-8ee6bf0dd31f,6601,6059,586,294
d2ed4811-5ed6-4aa7-a34c-b8950ceb3797,7825,4816,3,2
cdb9b294-fd52-4a77-8adf-412f04c5729c,11455,7664,2,1
d266ee71-fffc-40ff-92ad-4de63b6e358c,10435,8485,1016,705
d37a3006-927d-4331-934f-a450f313dc2c,14383,9519,3,2
ce5f24e0-c83b-4974-ac0d-a4bd734f3981,15306,10208,602,382
d555e4bd-8d93-4106-a2ce-7daf5c3f3cca,11298,5490,175,136
cdc13257-8f4c-49ad-bd88-f49f97d0c105,27017,20451,1833,1133
d6bad492-1873-4e9e-91ad-6cac2b86f313,7020,5182,384,383
d76b414a-6b49-47a5-bc55-caf9392600a3,7932,5278,671,363
d82dc74a-8f96-4932-95f9-97435306cfa7,6413,6407,497,300
d8754a95-9575-4483-a10e-30be81fa0927,4316,1767,7,6
d85208a3-7121-4a10-9116-b678c40c03af,5307,5269,2,1
d96858d0-6b14-4599-ac4b-bb15a25bafb2,7979,4360,455,380
d3d22764-83c5-46c1-8b9a-8fe2f105891c,13746,7852,581,278
d6150a89-dc46-4476-843e-4a1ae3800cec,9033,5494,3,1
d3d33edf-f19e-42f6-86e0-a7010c132e9c,17680,9342,854,502
d945d3f1-9830-4739-8f89-a34fae03407a,9589,6358,339,338
d9172ce1-6ca9-438d-99cd-161cc8e43a42,8476,5260,345,236
dbafe81c-6e16-4e9c-860a-ef73d3a8659c,7465,5981,2,1
dcf2fb20-b231-47fe-89b1-81dbce95330a,6697,4943,536,223
dabd1e6d-cfc6-4f5a-ac21-3d5229ac9f5e,5722,4481,459,344
dcac007a-0a5c-4b37-982a-66ce978539d8,14895,5199,675,342
ddb63c87-c9de-41b3-8cae-d67739d0b8b4,9732,5898,2,1
dd5c4f5a-f0af-4f3b-ba6c-ee44b63fdf2f,14097,4885,545,364
db817e6d-addc-4524-90ff-9445804e4b48,14464,14437,1162,709
ddf5e6f5-5fd0-4715-a005-ba110a193619,7307,5079,359,175
dce18998-37f2-4ece-b6c9-fcce7304324d,7482,6201,449,243
dd8f7f53-5401-493e-884d-38a966a4d12a,12059,9508,3,2
da0eb057-e817-4e8e-aa21-532b2db14612,27103,15649,2,1
e33cdb26-2b8c-48a0-9906-e8cc9ce4b471,8042,5099,700,489
ddfb19c4-d280-4bf5-b911-83a508a2a025,17725,4190,68,67
e4b1b2be-9ddd-4f2d-afce-5cff6b8ccb9e,7148,5409,321,320
e46f05ea-80cd-4bce-9eb2-b1f62959ade0,8874,6216,2,1
e443638f-9513-49be-8f14-60f170df0202,12816,4830,611,121
de49ab90-7938-46e3-9aba-ad2c043cb821,19582,16532,3776,1057
e76ea7b8-1722-4619-acf4-48f841d61deb,8030,5952,547,341
e85a10a2-a0f6-4966-8be7-7a3ec7900f2a,7385,4835,893,681
e7891934-5635-45e6-943d-656c1c163152,7009,4191,168,167
e967b1c3-44ec-4320-b873-297549108bcc,10167,5416,743,742
e7ede5c7-67dd-44ae-920c-8436912e5664,7029,4061,459,286
e9d5ef58-cdfd-482e-b65c-8e8c7a945045,9063,5423,637,267
e84be728-ae26-49bc-924c-4f9a7c67027f,12908,6462,635,360
e4c0e1b8-1086-4d9f-8504-c2f5d2df82c7,20408,10344,1242,880
ec0e06bc-7d3a-468d-bbd1-d4f3f50ee3ca,7308,3704,93,69
ead2b2c4-3478-4131-a6c5-339d19fe5c77,10985,4871,288,287
e99eb939-ffa1-4672-88da-3917de7c74f7,17281,12763,1111,826
ec80be17-803a-499b-bce5-8364397525ce,7477,4467,59,1
e9b9730e-3d8a-4e75-a34c-548ea7cef66e,13688,7446,954,659
ec72bbb8-bfc1-4d0f-bfe2-107618a26c73,9405,5765,708,238
ecc0c465-af3e-46e0-8aa6-7d1dce4cd305,6963,6938,853,461
eae37c2d-6c98-437c-9aad-758d59edd6a2,7272,5358,410,171
ec67c66b-ded7-4550-9bb1-e5e33e50ffe2,11197,6323,2,1
edc86369-0bdf-4173-8388-be9965ff51a3,12109,5593,269,268
ee0e9b4d-42bc-492d-87e5-5dbfc8b4acc8,7528,6177,2,1
ef8e49e2-13ff-49e6-9901-37bd4170bd29,7719,4689,280,279
efcf13d1-8378-4434-9663-ebdf16fd1b33,7383,5704,2,1
efa50481-4a7c-45fb-b34f-cc5f56f0758a,7298,5631,2,1
efdba512-24d4-4811-bda3-8bea1bb21da7,5994,3957,515,410
ef9b0c2d-9226-4b43-a24a-b39f73fe092a,8108,6559,718,517
f0129354-e894-4deb-a388-2497f0bdd997,10948,4958,675,442
f0a0eaed-3aee-4148-b15a-3ad112692bad,10176,5301,2,1
f286badb-9ff2-4b42-ac5e-dbf3f3601d0d,9394,4586,569,455
f286a909-bc09-4fce-9534-af28992a8536,5361,3816,424,239
f5465389-28fd-442c-8e6b-3eb6dddb1048,9664,5255,267,266
f5b7710d-e126-4ad0-ba7f-1625c4064de2,9346,5697,258,257
f7e88a73-f428-41b8-a598-689979bce39d,6480,5411,2,1
f5b5e48a-2a38-4561-b485-a7d814780aca,8689,7026,319,318
f83dc520-54b9-48e0-a658-5c82cc8ccf1e,6723,4350,448,308
f7bbb281-e8d0-48ae-9fc5-cfa336b9011d,10521,5500,14,1
f3b90ec7-673f-429b-8338-afebf1392e53,9840,8646,823,519
f5d5ccf2-fef0-4db2-96b1-bf61526a1fff,25963,12829,797,796
f61eb916-4bad-474f-be4f-1e5f0831dbbf,13364,8526,208,207
fba19e7d-4255-447e-98d1-80c5cf6a60e2,6849,4447,91,90
fb168978-27c3-452c-bcaf-571b565b6927,15235,15233,833,380
fba12b8e-6aaa-423f-85bd-854616da1c03,8964,5764,711,640
fd0ba824-c393-4d49-b20c-0825c9cb98d6,8040,5011,716,407
fa0a20bb-a2c0-4aea-abac-49165b05bebb,17969,11317,3,2
fd125d35-c992-4089-a19f-4a5612d0d1d4,7475,4953,725,449
f876ee42-7a84-41b0-b5fd-dfc088c5b87c,11805,6949,797,562
fb70aec8-1638-47ad-8feb-71ac6e14ef78,11283,9704,412,411
fb83a07a-d17e-453a-bb89-ba8e98f2ac9c,14797,6582,878,724
fb948566-8160-4251-831b-852f1941a683,14551,7127,321,320
fbdf660a-dc14-42b4-9a67-7aec5a8dfffe,12548,7381,833,700
fdb9583c-fd23-4468-ac8a-14e0dc41910d,8273,4018,613,469
fe16fdc3-f7d9-4523-b5e1-0218cb9ac65f,8622,6779,664,445
fc4ce7ae-a286-422c-beea-c739a7c79b62,15499,6226,77,76
ffb44149-1e9d-495d-b48b-8fea1e23b65b,11478,3641,547,501
ffd3484b-0702-4d4a-adf8-6a34882ef432,8802,6224,146,145
ff06a28a-1df3-4106-9f8d-b784fdf6d125,9522,6531,172,98
